0.52695,0.72913,22.747
0.52695,0.73107,22.775
0.51702,0.73107,22.793
0.50993,0.73107,22.798
0.49858,0.72913,22.811
0.46879,0.71165,22.823
0.45319,0.69417,22.836
0.42057,0.66117,22.85
0.39645,0.62233,22.864
0.38227,0.58155,22.878
0.3766,0.55825,22.89
0.3766,0.51165,22.903
0.39362,0.46311,22.916
0.4078,0.44175,22.93
0.4461,0.41262,22.944
0.48723,0.39903,22.957
0.50851,0.39515,22.97
0.59078,0.4301,22.998
0.62908,0.47282,23.012
0.6461,0.50388,23.024
0.67021,0.56408,23.037
0.67872,0.6068,23.051
0.6773,0.62039,23.064
0.66312,0.63981,23.078
0.63901,0.66311,23.091
0.6234,0.67087,23.104
0.6078,0.67476,23.112
0.59504,0.6767,23.121
0.57234,0.68058,23.133
0.55674,0.68641,23.145
0.5539,0.68835,23.158
0.54965,0.68641,23.171
0.54539,0.68835,23.185
0.54397,0.68447,23.198
0.5383,0.67282,23.21
0.53262,0.66117,23.222
